      0/99     28.3G   0.08275    0.0105         0   0.09325       137       640 8.011e-05   0.01021 1.235e-06 2.373e-07    0.1222   0.01816         0
      1/99     28.3G   0.07012  0.007839         0   0.07796        87       640         0         0         0         0    0.1264   0.01408         0
      2/99     28.3G   0.06018  0.007898         0   0.06808       109       640         0         0         0         0    0.1143   0.01987         0
      3/99     28.3G    0.0614  0.007863         0   0.06927       122       640         0         0         0         0    0.1142   0.02065         0
      4/99     28.3G   0.05852  0.007838         0   0.06635       123       640         0         0         0         0    0.1261   0.01663         0
      5/99     28.3G   0.06246  0.006938         0   0.06939       116       640 7.452e-05  0.007989 9.725e-07 1.611e-07    0.1354    0.0811         0
      6/99     28.3G   0.06237  0.007063         0   0.06943       124       640         0         0         0         0    0.1232   0.01891         0
      7/99     28.3G   0.06233  0.007227         0   0.06956       149       640         0         0         0         0    0.1255   0.01733         0
      8/99     28.3G   0.05757  0.007423         0   0.06499        81       640         0         0         0         0    0.1252   0.01695         0
      9/99     28.3G   0.05759  0.007182         0   0.06477       122       640   0.01514   0.02752  0.001673 0.0003832    0.1224   0.01921         0
     10/99     28.3G   0.05932  0.007691         0   0.06701       136       640   0.01811   0.02352  0.003373  0.001212    0.1262   0.01607         0
     11/99     28.3G   0.05884  0.007409         0   0.06625       149       640   0.01348   0.00577 0.0008159 0.0002301    0.1237    0.0181         0
     12/99     28.3G   0.06233  0.007675         0      0.07       141       640    0.0284   0.03418  0.008239  0.002556    0.1226   0.01821         0
     13/99     28.3G    0.0561  0.007858         0   0.06395       108       640   0.02231   0.02663  0.003018 0.0007144    0.1239   0.01736         0
     14/99     28.3G   0.05422  0.007876         0   0.06209       136       640   0.02199   0.04083  0.003713 0.0009501     0.122   0.01823         0
     15/99     28.3G    0.0551  0.008002         0    0.0631       144       640   0.03446   0.06347   0.00816  0.002694    0.1222   0.01769         0
     16/99     28.3G    0.0549  0.008389         0   0.06329       122       640   0.03414    0.0506  0.006602  0.002503    0.1211   0.01907         0
     17/99     28.3G   0.05445  0.008328         0   0.06277       125       640   0.01098   0.07501  0.003055 0.0007862    0.1201   0.01953         0
     18/99     28.3G   0.05562  0.008113         0   0.06374       126       640   0.02972   0.04838  0.003418 0.0009375    0.1237   0.01684         0
     19/99     28.3G   0.05761  0.008218         0   0.06583       121       640   0.04968   0.04527   0.01096  0.004126    0.1237   0.01848         0
     20/99     28.3G   0.05393  0.008158         0   0.06209       120       640   0.04927   0.07723   0.01207  0.004665    0.1194   0.01943         0
     21/99     28.3G   0.05722  0.008477         0    0.0657       100       640   0.08513   0.06258   0.02009  0.007271      0.12   0.01867         0
     22/99     28.3G    0.0576   0.00824         0   0.06584       159       640   0.06958   0.05504   0.01361  0.005066    0.1194   0.01905         0
     23/99     28.3G   0.05297  0.008435         0   0.06141       181       640   0.07227   0.08256   0.01842  0.006869    0.1189   0.01851         0
     24/99     28.3G   0.05373  0.008474         0   0.06221       101       640   0.06576   0.07412   0.02007  0.008752    0.1231   0.01832         0
     25/99     28.3G   0.05516  0.008474         0   0.06364       100       640   0.09959   0.09676   0.02636  0.009273    0.1224   0.01799         0
     26/99     28.3G   0.05122  0.008738         0   0.05996       131       640   0.04323   0.06214  0.009273   0.00322    0.1197   0.01938         0
     27/99     28.3G   0.05285  0.008583         0   0.06144       122       640    0.1375   0.08123   0.04072   0.01523    0.1175   0.01915         0
     28/99     28.3G   0.05081   0.00868         0   0.05949       137       640    0.1171   0.06968   0.03016   0.01358    0.1148    0.0197         0
     29/99     28.3G    0.0518  0.008786         0   0.06059        89       640    0.1274     0.103   0.04382   0.01635    0.1146   0.01867         0
     30/99     28.3G    0.0458  0.008639         0   0.05444       137       640    0.1118     0.103   0.03967   0.01584    0.1149   0.01912         0
     31/99     28.3G   0.04913  0.008872         0     0.058       153       640    0.1068    0.1163   0.04156   0.01727    0.1137   0.01989         0
     32/99     28.3G   0.05859  0.008868         0   0.06745       172       640    0.1255    0.1043    0.0536   0.02287    0.1139   0.01948         0
     33/99     28.3G   0.05128  0.008592         0   0.05988       146       640      0.17    0.1056   0.05845   0.02265    0.1153   0.01808         0
     34/99     28.3G   0.04888  0.008611         0   0.05749       116       640    0.2064    0.1167   0.07232   0.03181    0.1133   0.01857         0
     35/99     28.3G   0.05314  0.008521         0   0.06166        97       640    0.2114    0.1065   0.07043   0.03098    0.1131   0.01974         0
     36/99     28.3G   0.05183  0.008838         0   0.06067       105       640   0.09791   0.09143   0.03608   0.01348    0.1144   0.01916         0
     37/99     28.3G   0.04933  0.008667         0     0.058       117       640     0.217    0.1292   0.08787   0.03549    0.1132   0.01899         0
     38/99     28.3G   0.04987  0.008862         0   0.05873        90       640    0.1744    0.1669   0.09172   0.03666    0.1129   0.01855         0
     39/99     28.3G   0.05118  0.008567         0   0.05974       134       640    0.1166    0.1314   0.05233   0.02072     0.114   0.01864         0
     40/99     28.3G   0.05072  0.008685         0    0.0594       116       640      0.24    0.1403   0.09231   0.04101    0.1119   0.01952         0
     41/99     28.3G   0.04904  0.008796         0   0.05784       197       640    0.3019    0.1771    0.1387   0.05952    0.1114   0.01805         0
     42/99     28.3G   0.04406  0.008718         0   0.05278       175       640   0.05346   0.09898   0.02052   0.00812    0.1147   0.01868         0
     43/99     28.3G   0.04558  0.008618         0    0.0542       167       640    0.1803    0.1864    0.1055   0.04305    0.1101   0.01918         0
     44/99     28.3G   0.04712  0.008725         0   0.05584        96       640    0.1916    0.1806    0.1071   0.04304    0.1132   0.01823         0
     45/99     28.3G   0.04726  0.008806         0   0.05607       146       640     0.324    0.1824    0.1569   0.06825    0.1096   0.01841         0
     46/99     28.3G   0.05523  0.008728         0   0.06396       130       640   0.05622   0.06613   0.01579  0.004863    0.1239   0.01486         0
     47/99     28.3G   0.05174  0.008427         0   0.06017       124       640    0.1524    0.1172   0.06319   0.02826    0.1133    0.0193         0
     48/99     28.3G   0.04648  0.008698         0   0.05518       153       640    0.2702    0.1593    0.1226   0.05383     0.111   0.01879         0
     49/99     28.3G   0.04833  0.008945         0   0.05728       123       640    0.2626    0.1672    0.1287   0.05883    0.1115   0.01886         0
     50/99     28.3G   0.04515  0.008513         0   0.05367        84       640    0.3242    0.1589    0.1391   0.06503    0.1093   0.01899         0
     51/99     28.3G   0.04838  0.008539         0   0.05692       164       640    0.3111    0.2215     0.172   0.07748    0.1109   0.01778         0
     52/99     28.3G   0.04586  0.008694         0   0.05455       174       640    0.2805    0.2397    0.1759   0.07589    0.1102   0.01815         0
     53/99     28.3G   0.04543  0.008807         0   0.05424       148       640    0.3662    0.2304    0.2023   0.09044    0.1086   0.01823         0
     54/99     28.3G   0.04475  0.008723         0   0.05347       149       640    0.4182    0.2255    0.2241    0.1068    0.1092   0.01777         0
     55/99     28.3G   0.04407  0.008818         0   0.05289        99       640    0.3632    0.2827    0.2465    0.1098    0.1089    0.0172         0
     56/99     28.3G   0.04769  0.008413         0   0.05611       144       640     0.364    0.2649     0.238    0.1084    0.1089   0.01717         0
     57/99     28.3G   0.04659   0.00875         0   0.05534        93       640    0.2231    0.1802    0.1066   0.04674    0.1112   0.01809         0
     58/99     28.3G   0.04344  0.008593         0   0.05203       151       640    0.4341    0.2281    0.2183   0.09488    0.1086   0.01763         0
     59/99     28.3G   0.04704  0.008152         0   0.05519        78       640    0.4178    0.3125    0.2845     0.124    0.1075   0.01723         0
     60/99     28.3G   0.04545  0.008228         0   0.05367        94       640    0.4172    0.3285    0.3153    0.1497    0.1065   0.01722         0
     61/99     28.3G   0.04533   0.00847         0    0.0538       161       640    0.4811    0.2712    0.2757    0.1177    0.1074    0.0174         0
     62/99     28.3G   0.04244  0.008271         0   0.05071       106       640    0.4968    0.3238    0.3289    0.1474    0.1077   0.01658         0
     63/99     28.3G   0.04768  0.008361         0   0.05604       160       640    0.5891    0.3322    0.3664    0.1701    0.1064   0.01641         0
     64/99     28.3G   0.04514  0.008339         0   0.05347       114       640    0.5784    0.3267    0.3584    0.1594    0.1057   0.01704         0
     65/99     28.3G   0.04228  0.008079         0   0.05036       121       640     0.614    0.3688    0.4154    0.1984    0.1051   0.01627         0
     66/99     28.3G   0.04484  0.007872         0   0.05271       100       640    0.5624    0.3711    0.3981    0.1761     0.106   0.01598         0
     67/99     28.3G   0.04137  0.008068         0   0.04944       142       640    0.5965    0.3791    0.4124    0.1851    0.1057   0.01612         0
     68/99     28.3G   0.04209   0.00794         0   0.05003       131       640    0.6149    0.4412    0.4754    0.2286    0.1053    0.0155         0
     69/99     28.3G   0.04637  0.007884         0   0.05426       121       640    0.6641    0.3914    0.4616    0.2198    0.1042   0.01588         0
     70/99     28.3G   0.04553  0.007769         0    0.0533       161       640    0.5814    0.4225    0.4487    0.2006    0.1058   0.01557         0
     71/99     28.3G   0.04426  0.007895         0   0.05215       152       640    0.6339    0.4227    0.4698    0.2134    0.1053    0.0154         0
     72/99     28.3G   0.04067  0.007769         0   0.04844       154       640    0.6681    0.3869    0.4496    0.1989    0.1049    0.0157         0
     73/99     28.3G   0.04384  0.007932         0   0.05177       138       640    0.6921    0.4301    0.4943    0.2278    0.1059     0.015         0
     74/99     28.3G   0.04092  0.007473         0   0.04839       138       640    0.7048    0.4344    0.4942    0.2222    0.1045   0.01544         0
     75/99     28.3G   0.04012  0.007719         0   0.04784       143       640     0.669    0.4505     0.505    0.2338    0.1047   0.01511         0
     76/99     28.3G   0.04116  0.007707         0   0.04887       133       640     0.734    0.4794    0.5502    0.2512    0.1042   0.01494         0
     77/99     28.3G   0.04049  0.007576         0   0.04807        89       640    0.7301    0.5126    0.5754    0.2787    0.1036   0.01469         0
     78/99     28.3G   0.03886  0.007508         0   0.04636       148       640    0.7461    0.5135    0.5768     0.271    0.1036   0.01473         0
     79/99     28.3G   0.04111  0.007536         0   0.04864       131       640    0.7245    0.5211      0.59    0.2833    0.1028   0.01478         0
     80/99     28.3G     0.042  0.007519         0   0.04952       131       640    0.7384    0.5024    0.5789    0.2639    0.1035   0.01477         0
     81/99     28.3G   0.04193  0.007534         0   0.04947       168       640     0.742    0.5371     0.599     0.287    0.1032   0.01447         0
     82/99     28.3G   0.04087  0.007194         0   0.04806       132       640    0.7978    0.5433    0.6242    0.3116     0.102   0.01456         0
     83/99     28.3G   0.03738  0.007233         0   0.04461        84       640    0.7202    0.5631    0.6125    0.2951    0.1024   0.01451         0
     84/99     28.3G    0.0404   0.00752         0   0.04792       187       640     0.802    0.5501    0.6312     0.309    0.1022   0.01426         0
     85/99     28.3G   0.03858  0.007232         0   0.04582       171       640    0.7781    0.5632    0.6377    0.3112    0.1018   0.01436         0
     86/99     28.3G   0.04111  0.007222         0   0.04833       133       640    0.7994    0.5624      0.64    0.3103    0.1019   0.01438         0
     87/99     28.3G   0.04195  0.007111         0   0.04906        99       640    0.8028    0.5695     0.654    0.3234     0.102   0.01399         0
     88/99     28.3G   0.03983  0.007284         0   0.04711       122       640    0.8149    0.5632    0.6528    0.3194    0.1026   0.01386         0
     89/99     28.3G   0.03825   0.00703         0   0.04528       161       640    0.8084    0.5229    0.6286    0.2987    0.1022   0.01432         0
     90/99     28.3G   0.03752  0.006924         0   0.04445        98       640    0.7362    0.5921    0.6541    0.3192    0.1013   0.01428         0
     91/99     28.3G   0.03603   0.00711         0   0.04314        98       640    0.8202    0.5851     0.672    0.3321    0.1014   0.01402         0
     92/99     28.3G   0.03913  0.007155         0   0.04629       117       640    0.8164    0.5783    0.6721    0.3344    0.1013   0.01391         0
     93/99     28.3G   0.03847  0.006943         0   0.04541       147       640    0.8214    0.5544     0.654    0.3195     0.102     0.014         0
     94/99     28.3G    0.0378  0.006888         0   0.04469       141       640     0.815    0.5637    0.6554    0.3156    0.1026   0.01376         0
     95/99     28.3G   0.03643  0.007092         0   0.04353        99       640    0.7931    0.5939    0.6664    0.3268    0.1019   0.01386         0
     96/99     28.3G   0.03822  0.006847         0   0.04507       151       640    0.8214    0.5957    0.6819    0.3355    0.1011   0.01392         0
     97/99     28.3G    0.0367   0.00684         0   0.04354       138       640    0.7915    0.6405    0.7036    0.3538    0.1014   0.01337         0
     98/99     28.3G   0.03889  0.006885         0   0.04577       151       640    0.8011      0.64    0.7056    0.3528    0.1009    0.0135         0
     99/99     28.3G   0.03494  0.006638         0   0.04158       109       640    0.7891    0.6045    0.6761    0.3202    0.1019   0.01362         0
